{
 "cells": [
  {
   "cell_type": "code",
   "execution_count": 70,
   "id": "85bf7e90-e84e-4fcb-b148-9b81e3dfe95e",
   "metadata": {},
   "outputs": [
    {
     "name": "stdout",
     "output_type": "stream",
     "text": [
      "  playlist_genre  loudness      mode  speechiness  acousticness  \\\n",
      "0            edm -5.488184  0.546392     0.080881      0.093323   \n",
      "1          latin -6.054218  0.589873     0.096266      0.179929   \n",
      "2            pop -6.097230  0.535714     0.076634      0.189251   \n",
      "3            r&b -7.674685  0.521552     0.144754      0.305785   \n",
      "4            rap -6.700654  0.523810     0.218910      0.204430   \n",
      "5           rock -7.042250  0.577586     0.064947      0.174181   \n",
      "\n",
      "   instrumentalness  liveness   valence       tempo  duration_ms  \n",
      "0          0.171589  0.188008  0.408136  123.911472     3.762918  \n",
      "1          0.051904  0.178064  0.567343  117.825025     3.528350  \n",
      "2          0.049959  0.170986  0.492012  118.333970     3.587487  \n",
      "3          0.036085  0.168233  0.441277  115.150198     3.723384  \n",
      "4          0.052506  0.184626  0.424720  123.851310     3.442068  \n",
      "5          0.117893  0.201316  0.425194  129.680991     4.213990  \n"
     ]
    },
    {
     "data": {
      "text/html": [
       "<div>\n",
       "<style scoped>\n",
       "    .dataframe tbody tr th:only-of-type {\n",
       "        vertical-align: middle;\n",
       "    }\n",
       "\n",
       "    .dataframe tbody tr th {\n",
       "        vertical-align: top;\n",
       "    }\n",
       "\n",
       "    .dataframe thead th {\n",
       "        text-align: right;\n",
       "    }\n",
       "</style>\n",
       "<table border=\"1\" class=\"dataframe\">\n",
       "  <thead>\n",
       "    <tr style=\"text-align: right;\">\n",
       "      <th></th>\n",
       "      <th>danceability</th>\n",
       "      <th>energy</th>\n",
       "      <th>loudness</th>\n",
       "      <th>speechiness</th>\n",
       "      <th>acousticness</th>\n",
       "      <th>instrumentalness</th>\n",
       "      <th>liveness</th>\n",
       "      <th>valence</th>\n",
       "      <th>tempo</th>\n",
       "    </tr>\n",
       "  </thead>\n",
       "  <tbody>\n",
       "    <tr>\n",
       "      <th>danceability</th>\n",
       "      <td>1.000000</td>\n",
       "      <td>-0.010399</td>\n",
       "      <td>0.116584</td>\n",
       "      <td>0.110413</td>\n",
       "      <td>-0.037089</td>\n",
       "      <td>-0.007956</td>\n",
       "      <td>-0.124700</td>\n",
       "      <td>0.326548</td>\n",
       "      <td>-0.117292</td>\n",
       "    </tr>\n",
       "    <tr>\n",
       "      <th>energy</th>\n",
       "      <td>-0.010399</td>\n",
       "      <td>1.000000</td>\n",
       "      <td>0.659693</td>\n",
       "      <td>-0.028423</td>\n",
       "      <td>-0.522086</td>\n",
       "      <td>0.002908</td>\n",
       "      <td>0.147612</td>\n",
       "      <td>0.259415</td>\n",
       "      <td>0.134594</td>\n",
       "    </tr>\n",
       "    <tr>\n",
       "      <th>loudness</th>\n",
       "      <td>0.116584</td>\n",
       "      <td>0.659693</td>\n",
       "      <td>1.000000</td>\n",
       "      <td>-0.070235</td>\n",
       "      <td>-0.360073</td>\n",
       "      <td>-0.254785</td>\n",
       "      <td>0.042839</td>\n",
       "      <td>0.241392</td>\n",
       "      <td>0.066852</td>\n",
       "    </tr>\n",
       "    <tr>\n",
       "      <th>speechiness</th>\n",
       "      <td>0.110413</td>\n",
       "      <td>-0.028423</td>\n",
       "      <td>-0.070235</td>\n",
       "      <td>1.000000</td>\n",
       "      <td>0.060963</td>\n",
       "      <td>-0.103047</td>\n",
       "      <td>0.081790</td>\n",
       "      <td>0.026041</td>\n",
       "      <td>0.046718</td>\n",
       "    </tr>\n",
       "    <tr>\n",
       "      <th>acousticness</th>\n",
       "      <td>-0.037089</td>\n",
       "      <td>-0.522086</td>\n",
       "      <td>-0.360073</td>\n",
       "      <td>0.060963</td>\n",
       "      <td>1.000000</td>\n",
       "      <td>-0.034078</td>\n",
       "      <td>-0.070064</td>\n",
       "      <td>0.001391</td>\n",
       "      <td>-0.116627</td>\n",
       "    </tr>\n",
       "    <tr>\n",
       "      <th>instrumentalness</th>\n",
       "      <td>-0.007956</td>\n",
       "      <td>0.002908</td>\n",
       "      <td>-0.254785</td>\n",
       "      <td>-0.103047</td>\n",
       "      <td>-0.034078</td>\n",
       "      <td>1.000000</td>\n",
       "      <td>-0.018791</td>\n",
       "      <td>-0.152963</td>\n",
       "      <td>0.008136</td>\n",
       "    </tr>\n",
       "    <tr>\n",
       "      <th>liveness</th>\n",
       "      <td>-0.124700</td>\n",
       "      <td>0.147612</td>\n",
       "      <td>0.042839</td>\n",
       "      <td>0.081790</td>\n",
       "      <td>-0.070064</td>\n",
       "      <td>-0.018791</td>\n",
       "      <td>1.000000</td>\n",
       "      <td>-0.016513</td>\n",
       "      <td>0.011765</td>\n",
       "    </tr>\n",
       "    <tr>\n",
       "      <th>valence</th>\n",
       "      <td>0.326548</td>\n",
       "      <td>0.259415</td>\n",
       "      <td>0.241392</td>\n",
       "      <td>0.026041</td>\n",
       "      <td>0.001391</td>\n",
       "      <td>-0.152963</td>\n",
       "      <td>-0.016513</td>\n",
       "      <td>1.000000</td>\n",
       "      <td>-0.054993</td>\n",
       "    </tr>\n",
       "    <tr>\n",
       "      <th>tempo</th>\n",
       "      <td>-0.117292</td>\n",
       "      <td>0.134594</td>\n",
       "      <td>0.066852</td>\n",
       "      <td>0.046718</td>\n",
       "      <td>-0.116627</td>\n",
       "      <td>0.008136</td>\n",
       "      <td>0.011765</td>\n",
       "      <td>-0.054993</td>\n",
       "      <td>1.000000</td>\n",
       "    </tr>\n",
       "  </tbody>\n",
       "</table>\n",
       "</div>"
      ],
      "text/plain": [
       "                  danceability    energy  loudness  speechiness  acousticness  \\\n",
       "danceability          1.000000 -0.010399  0.116584     0.110413     -0.037089   \n",
       "energy               -0.010399  1.000000  0.659693    -0.028423     -0.522086   \n",
       "loudness              0.116584  0.659693  1.000000    -0.070235     -0.360073   \n",
       "speechiness           0.110413 -0.028423 -0.070235     1.000000      0.060963   \n",
       "acousticness         -0.037089 -0.522086 -0.360073     0.060963      1.000000   \n",
       "instrumentalness     -0.007956  0.002908 -0.254785    -0.103047     -0.034078   \n",
       "liveness             -0.124700  0.147612  0.042839     0.081790     -0.070064   \n",
       "valence               0.326548  0.259415  0.241392     0.026041      0.001391   \n",
       "tempo                -0.117292  0.134594  0.066852     0.046718     -0.116627   \n",
       "\n",
       "                  instrumentalness  liveness   valence     tempo  \n",
       "danceability             -0.007956 -0.124700  0.326548 -0.117292  \n",
       "energy                    0.002908  0.147612  0.259415  0.134594  \n",
       "loudness                 -0.254785  0.042839  0.241392  0.066852  \n",
       "speechiness              -0.103047  0.081790  0.026041  0.046718  \n",
       "acousticness             -0.034078 -0.070064  0.001391 -0.116627  \n",
       "instrumentalness          1.000000 -0.018791 -0.152963  0.008136  \n",
       "liveness                 -0.018791  1.000000 -0.016513  0.011765  \n",
       "valence                  -0.152963 -0.016513  1.000000 -0.054993  \n",
       "tempo                     0.008136  0.011765 -0.054993  1.000000  "
      ]
     },
     "execution_count": 70,
     "metadata": {},
     "output_type": "execute_result"
    }
   ],
   "source": [
    "import pandas as pd\n",
    "import seaborn as sns\n",
    "import matplotlib.pyplot as plt\n",
    "\n",
    "# Load the dataset from the uploaded file\n",
    "file_path = 'spotify.csv'\n",
    "spotify_df = pd.read_csv(file_path)\n",
    "\n",
    "# Convert the 'track_album_release_date' column to datetime format, handling mixed formats\n",
    "spotify_df['track_album_release_date'] = pd.to_datetime(spotify_df['track_album_release_date'], errors='coerce') \n",
    "\n",
    "# Filter the dataset for tracks released in 2017\n",
    "spotify_2017 = spotify_df[spotify_df['track_album_release_date'].dt.year == 2017]\n",
    "\n",
    "# Group the data by genre and calculate the average values for the specified columns\n",
    "genre_averages = spotify_2017.groupby('playlist_genre').agg({\n",
    "    'loudness': 'mean',\n",
    "    'mode': 'mean',\n",
    "    'speechiness': 'mean',\n",
    "    'acousticness': 'mean',\n",
    "    'instrumentalness': 'mean',\n",
    "    'liveness': 'mean',\n",
    "    'valence': 'mean',\n",
    "    'tempo': 'mean',\n",
    "    'duration_ms': lambda x: x.mean() / 60000  # convert milliseconds to minutes\n",
    "}).reset_index()\n",
    "\n",
    "# Save the findings into a .csv file\n",
    "output_path = 'Output.csv'\n",
    "genre_averages.to_csv(output_path, index=False)\n",
    "\n",
    "# Display the calculated averages\n",
    "print(genre_averages)\n",
    "\n",
    "# Investigating the correlation of danceability with other factors\n",
    "correlation_matrix = spotify_2017[['danceability', 'energy', 'loudness', 'speechiness', 'acousticness', 'instrumentalness', 'liveness', 'valence', 'tempo']].corr()\n",
    "\n",
    "correlation_matrix"
   ]
  },
  {
   "cell_type": "code",
   "execution_count": null,
   "id": "db974a3a-2c01-4514-8b08-afb646ca29f3",
   "metadata": {},
   "outputs": [],
   "source": []
  }
 ],
 "metadata": {
  "kernelspec": {
   "display_name": "Python 3 (ipykernel)",
   "language": "python",
   "name": "python3"
  },
  "language_info": {
   "codemirror_mode": {
    "name": "ipython",
    "version": 3
   },
   "file_extension": ".py",
   "mimetype": "text/x-python",
   "name": "python",
   "nbconvert_exporter": "python",
   "pygments_lexer": "ipython3",
   "version": "3.11.7"
  }
 },
 "nbformat": 4,
 "nbformat_minor": 5
}
